L        TxT           TxW1         W1xW1       
2     1.478290e-10  5.502131e-09  7.330809e-07
3     6.995619e-11  3.681193e-09  8.904334e-07
4     3.968396e-11  2.690382e-09  1.040283e-06
5     2.530686e-11  2.076409e-09  1.177882e-06
6     1.751000e-11  1.662837e-09  1.302378e-06
7     1.285944e-11  1.366329e-09  1.413790e-06
8     9.871545e-12  1.144980e-09  1.513388e-06
9     7.845000e-12  9.748683e-10  1.602388e-06
10    6.407382e-12  8.402061e-10  1.680797e-06
11    5.347433e-12  7.313732e-10  1.750370e-06
12    4.549750e-12  6.417642e-10  1.810819e-06
13    3.927684e-12  5.676418e-10  1.863906e-06
14    3.433180e-12  5.054172e-10  1.909410e-06
15    3.030140e-12  4.525546e-10  1.948714e-06
16    2.702782e-12  4.069539e-10  1.981914e-06
17    2.433337e-12  3.674230e-10  2.009636e-06
18    2.206379e-12  3.330795e-10  2.032520e-06
19    2.015083e-12  3.030722e-10  2.050793e-06
20    1.849242e-12  2.766863e-10  2.064720e-06
21    1.705666e-12  2.533179e-10  2.074818e-06
22    1.580556e-12  2.324908e-10  2.081541e-06
23    1.470269e-12  2.138662e-10  2.085145e-06
24    1.372952e-12  1.971731e-10  2.085859e-06
25    1.286798e-12  1.821828e-10  2.083976e-06
26    1.209563e-12  1.686915e-10  2.079769e-06
27    1.140481e-12  1.564904e-10  2.073473e-06
28    1.078262e-12  1.454058e-10  2.065278e-06
29    1.021927e-12  1.353224e-10  2.055278e-06
30    9.709091e-13  1.261394e-10  2.043589e-06
31    9.240420e-13  1.177375e-10  2.030463e-06
32    8.815115e-13  1.100184e-10  2.016125e-06
33    8.424030e-13  1.029331e-10  2.000709e-06
34    8.063256e-13  9.643788e-11  1.984323e-06
35    7.733441e-13  9.046408e-11  1.967084e-06
36    7.425424e-13  8.495002e-11  1.949103e-06
37    7.140379e-13  7.985829e-11  1.930482e-06
38    6.876683e-13  7.515667e-11  1.911312e-06
39    6.631699e-13  7.080668e-11  1.891667e-06
40    6.403230e-13  6.677225e-11  1.871610e-06
41    6.189341e-13  6.302243e-11  1.851204e-06
42    5.988765e-13  5.953257e-11  1.830523e-06
43    5.800417e-13  5.628136e-11  1.809635e-06
44    5.623481e-13  5.324969e-11  1.788599e-06
45    5.457275e-13  5.042039e-11  1.767464e-06
46    5.300786e-13  4.777782e-11  1.746275e-06
47    5.153176e-13  4.530729e-11  1.725080e-06
48    5.013664e-13  4.299538e-11  1.703922e-06
49    4.881601e-13  4.082999e-11  1.682837e-06
50    4.756624e-13  3.880016e-11  1.661856e-06
51    4.638403e-13  3.689593e-11  1.641005e-06
52    4.526284e-13  3.510802e-11  1.620310e-06
53    4.419626e-13  3.342800e-11  1.599793e-06
54    4.318005e-13  3.184816e-11  1.579472e-06
55    4.221078e-13  3.036148e-11  1.559363e-06
56    4.128836e-13  2.896153e-11  1.539478e-06
57    4.041231e-13  2.764229e-11  1.519829e-06
58    3.957845e-13  2.639821e-11  1.500426e-06
59    3.878198e-13  2.522421e-11  1.481276e-06
60    3.802010e-13  2.411566e-11  1.462385e-06
61    3.729089e-13  2.306825e-11  1.443759e-06
62    3.659252e-13  2.207800e-11  1.425408e-06
63    3.592359e-13  2.114125e-11  1.407341e-06
64    3.528244e-13  2.025461e-11  1.389567e-06
65    3.466799e-13  1.941494e-11  1.372090e-06
66    3.407943e-13  1.861932e-11  1.354916e-06
67    3.351494e-13  1.786491e-11  1.338046e-06
68    3.297249e-13  1.714905e-11  1.321481e-06
69    3.245010e-13  1.646928e-11  1.305220e-06
70    3.194623e-13  1.582333e-11  1.289262e-06
71    3.145957e-13  1.520911e-11  1.273605e-06
72    3.099114e-13  1.462481e-11  1.258243e-06
73    3.054177e-13  1.406877e-11  1.243167e-06
74    3.011062e-13  1.353942e-11  1.228372e-06
75    2.969677e-13  1.303532e-11  1.213848e-06
76    2.929868e-13  1.255510e-11  1.199591e-06
77    2.891378e-13  1.209742e-11  1.185598e-06
78    2.854121e-13  1.166100e-11  1.171865e-06
79    2.818099e-13  1.124466e-11  1.158391e-06
80    2.783281e-13  1.084729e-11  1.145173e-06
81    2.749640e-13  1.046786e-11  1.132208e-06
82    2.717136e-13  1.010540e-11  1.119490e-06
83    2.685690e-13  9.758991e-12  1.107015e-06
84    2.655254e-13  9.427794e-12  1.094777e-06
85    2.625774e-13  9.111007e-12  1.082773e-06
86    2.597204e-13  8.807880e-12  1.070996e-06
87    2.569472e-13  8.517703e-12  1.059442e-06
88    2.542522e-13  8.239811e-12  1.048106e-06
89    2.516333e-13  7.973577e-12  1.036984e-06
90    2.490879e-13  7.718411e-12  1.026070e-06
91    2.466140e-13  7.473758e-12  1.015360e-06
92    2.442088e-13  7.239095e-12  1.004848e-06
93    2.418712e-13  7.013929e-12  9.945270e-07
94    2.395978e-13  6.797793e-12  9.843915e-07
95    2.373875e-13  6.590250e-12  9.744356e-07
96    2.352373e-13  6.390885e-12  9.646540e-07
97    2.331449e-13  6.199307e-12  9.550413e-07
98    2.311087e-13  6.015146e-12  9.455925e-07
99    2.291249e-13  5.838051e-12  9.363028e-07
100   2.271927e-13  5.667693e-12  9.271674e-07
101   2.253097e-13  5.503758e-12  9.181819e-07
102   2.234741e-13  5.345950e-12  9.093420e-07
103   2.216832e-13  5.193988e-12  9.006435e-07
104   2.199353e-13  5.047606e-12  8.920825e-07
105   2.182286e-13  4.906550e-12  8.836550e-07
106   2.165610e-13  4.770583e-12  8.753574e-07
107   2.149308e-13  4.639476e-12  8.671862e-07
108   2.133356e-13  4.513014e-12  8.591378e-07
109   2.117750e-13  4.390991e-12  8.512090e-07
110   2.102469e-13  4.273214e-12  8.433966e-07
111   2.087497e-13  4.159498e-12  8.356974e-07
112   2.072825e-13  4.049670e-12  8.281081e-07
113   2.058439e-13  3.943568e-12  8.206258e-07
114   2.044326e-13  3.841034e-12  8.132472e-07
115   2.030472e-13  3.741922e-12  8.059694e-07
116   2.016871e-13  3.646091e-12  7.987897e-07
117   2.003510e-13  3.553404e-12  7.917053e-07
118   1.990374e-13  3.463735e-12  7.847136e-07
119   1.977456e-13  3.376961e-12  7.778120e-07
120   1.964747e-13  3.292964e-12  7.709982e-07
121   1.952237e-13  3.211634e-12  7.642697e-07
122   1.939913e-13  3.132863e-12  7.576243e-07
123   1.927770e-13  3.056551e-12  7.510598e-07
124   1.915799e-13  2.982599e-12  7.445742e-07
125   1.903989e-13  2.910916e-12  7.381653e-07
126   1.892337e-13  2.841412e-12  7.318312e-07
127   1.880831e-13  2.774001e-12  7.255699e-07
128   1.869464e-13  2.708604e-12  7.193797e-07
129   1.858234e-13  2.645142e-12  7.132588e-07
130   1.847131e-13  2.583541e-12  7.072055e-07
131   1.836146e-13  2.523731e-12  7.012180e-07
132   1.825280e-13  2.465647e-12  6.952952e-07
133   1.814522e-13  2.409232e-12  6.894359e-07
134   1.803872e-13  2.354426e-12  6.836387e-07
135   1.793320e-13  2.301176e-12  6.779027e-07
136   1.782868e-13  2.249428e-12  6.722265e-07
137   1.772507e-13  2.199132e-12  6.666092e-07
138   1.762234e-13  2.150239e-12  6.610497e-07
139   1.752042e-13  2.102702e-12  6.555469e-07
140   1.741934e-13  2.056476e-12  6.500997e-07
141   1.731901e-13  2.011517e-12  6.447073e-07
142   1.721940e-13  1.967784e-12  6.393685e-07
143   1.712050e-13  1.925237e-12  6.340824e-07
144   1.702224e-13  1.883836e-12  6.288482e-07
145   1.692462e-13  1.843546e-12  6.236648e-07
146   1.682752e-13  1.804330e-12  6.185315e-07
147   1.673092e-13  1.766153e-12  6.134472e-07
148   1.663478e-13  1.728983e-12  6.084113e-07
149   1.653905e-13  1.692787e-12  6.034227e-07
150   1.644369e-13  1.657535e-12  5.984808e-07
151   1.634862e-13  1.623197e-12  5.935847e-07
152   1.625389e-13  1.589743e-12  5.887342e-07
153   1.615945e-13  1.557147e-12  5.839290e-07
154   1.606531e-13  1.525380e-12  5.791688e-07
155   1.597146e-13  1.494418e-12  5.744533e-07
156   1.587793e-13  1.464234e-12  5.697823e-07
157   1.578466e-13  1.434806e-12  5.651553e-07
158   1.569167e-13  1.406109e-12  5.605722e-07
159   1.559894e-13  1.378120e-12  5.560326e-07
160   1.550645e-13  1.350819e-12  5.515362e-07
161   1.541414e-13  1.324184e-12  5.470826e-07
162   1.532199e-13  1.298195e-12  5.426716e-07
163   1.522999e-13  1.272832e-12  5.383027e-07
164   1.513809e-13  1.248076e-12  5.339758e-07
165   1.504631e-13  1.223910e-12  5.296904e-07
166   1.495461e-13  1.200315e-12  5.254462e-07
167   1.486299e-13  1.177274e-12  5.212429e-07
168   1.477143e-13  1.154770e-12  5.170801e-07
169   1.467994e-13  1.132789e-12  5.129575e-07
170   1.458850e-13  1.111314e-12  5.088747e-07
171   1.449710e-13  1.090330e-12  5.048315e-07
172   1.440575e-13  1.069823e-12  5.008274e-07
173   1.431443e-13  1.049779e-12  4.968622e-07
174   1.422311e-13  1.030185e-12  4.929354e-07
175   1.413183e-13  1.011026e-12  4.890467e-07
176   1.404055e-13  9.922919e-13  4.851959e-07
177   1.394927e-13  9.739702e-13  4.813827e-07
178   1.385798e-13  9.560509e-13  4.776069e-07
179   1.376668e-13  9.385237e-13  4.738683e-07
180   1.367538e-13  9.213787e-13  4.701666e-07
181   1.358406e-13  9.046065e-13  4.665018e-07
182   1.349273e-13  8.881978e-13  4.628735e-07
183   1.340139e-13  8.721434e-13  4.592816e-07
184   1.331003e-13  8.564347e-13  4.557258e-07
185   1.321866e-13  8.410631e-13  4.522058e-07
186   1.312726e-13  8.260205e-13  4.487215e-07
187   1.303585e-13  8.112987e-13  4.452727e-07
188   1.294443e-13  7.968899e-13  4.418590e-07
189   1.285298e-13  7.827867e-13  4.384804e-07
190   1.276151e-13  7.689816e-13  4.351364e-07
191   1.267003e-13  7.554675e-13  4.318269e-07
192   1.257852e-13  7.422374e-13  4.285516e-07
193   1.248697e-13  7.292846e-13  4.253103e-07
194   1.239543e-13  7.166025e-13  4.221028e-07
195   1.230386e-13  7.041847e-13  4.189288e-07
196   1.221229e-13  6.920250e-13  4.157881e-07
197   1.212074e-13  6.801173e-13  4.126804e-07
198   1.202921e-13  6.684558e-13  4.096054e-07
199   1.193767e-13  6.570348e-13  4.065630e-07
200   1.184618e-13  6.458486e-13  4.035529e-07
201   1.175470e-13  6.348918e-13  4.005747e-07
202   1.166324e-13  6.241592e-13  3.976282e-07
203   1.157177e-13  6.136454e-13  3.947130e-07
204   1.148030e-13  6.033453e-13  3.918286e-07
205   1.138881e-13  5.932541e-13  3.889746e-07
206   1.129731e-13  5.833668e-13  3.861507e-07
207   1.120579e-13  5.736788e-13  3.833565e-07
208   1.111425e-13  5.641856e-13  3.805916e-07
209   1.102275e-13  5.548826e-13  3.778557e-07
210   1.093128e-13  5.457655e-13  3.751484e-07
211   1.083987e-13  5.368301e-13  3.724694e-07
212   1.074855e-13  5.280723e-13  3.698182e-07
213   1.065733e-13  5.194881e-13  3.671947e-07
214   1.056624e-13  5.110735e-13  3.645984e-07
215   1.047528e-13  5.028248e-13  3.620290e-07
216   1.038444e-13  4.947383e-13  3.594862e-07
217   1.029372e-13  4.868103e-13  3.569696e-07
218   1.020313e-13  4.790373e-13  3.544790e-07
219   1.011266e-13  4.714159e-13  3.520140e-07
220   1.002231e-13  4.639427e-13  3.495744e-07
221   9.932105e-14  4.566145e-13  3.471598e-07
222   9.842020e-14  4.494280e-13  3.447700e-07
223   9.752076e-14  4.423803e-13  3.424046e-07
224   9.662294e-14  4.354681e-13  3.400634e-07
225   9.572678e-14  4.286887e-13  3.377460e-07
226   9.483224e-14  4.220390e-13  3.354523e-07
227   9.393949e-14  4.155164e-13  3.331819e-07
228   9.304858e-14  4.091180e-13  3.309345e-07
229   9.215968e-14  4.028412e-13  3.287100e-07
230   9.127274e-14  3.966834e-13  3.265080e-07
231   9.038790e-14  3.906419e-13  3.243283e-07
232   8.950533e-14  3.847144e-13  3.221706e-07
233   8.862495e-14  3.788984e-13  3.200347e-07
234   8.774680e-14  3.731915e-13  3.179203e-07
235   8.687114e-14  3.675914e-13  3.158272e-07
236   8.599779e-14  3.620959e-13  3.137551e-07
237   8.512710e-14  3.567027e-13  3.117039e-07
238   8.425899e-14  3.514097e-13  3.096733e-07
239   8.339360e-14  3.462148e-13  3.076630e-07
240   8.253094e-14  3.411159e-13  3.056728e-07
241   8.167104e-14  3.361110e-13  3.037026e-07
242   8.081413e-14  3.311982e-13  3.017520e-07
243   7.996022e-14  3.263756e-13  2.998209e-07
244   7.910932e-14  3.216412e-13  2.979091e-07
245   7.826165e-14  3.169932e-13  2.960163e-07
246   7.741732e-14  3.124299e-13  2.941423e-07
247   7.657623e-14  3.079496e-13  2.922870e-07
248   7.573868e-14  3.035504e-13  2.904502e-07
249   7.490457e-14  2.992307e-13  2.886316e-07
250   7.407410e-14  2.949890e-13  2.868310e-07
251   7.324716e-14  2.908236e-13  2.850483e-07
252   7.242383e-14  2.867328e-13  2.832831e-07
253   7.160412e-14  2.827151e-13  2.815353e-07
254   7.078821e-14  2.787689e-13  2.798045e-07
255   6.997589e-14  2.748926e-13  2.780904e-07
256   6.916735e-14  2.710848e-13  2.763929e-07
257   6.836266e-14  2.673440e-13  2.747117e-07
258   6.756199e-14  2.636687e-13  2.730464e-07
259   6.676543e-14  2.600576e-13  2.713970e-07
260   6.597322e-14  2.565092e-13  2.697631e-07
261   6.518533e-14  2.530224e-13  2.681444e-07
262   6.440201e-14  2.495956e-13  2.665409e-07
263   6.362331e-14  2.462277e-13  2.649522e-07
264   6.284929e-14  2.429174e-13  2.633782e-07
265   6.207991e-14  2.396635e-13  2.618185e-07
266   6.131521e-14  2.364648e-13  2.602731e-07
267   6.055533e-14  2.333201e-13  2.587417e-07
268   5.980023e-14  2.302283e-13  2.572240e-07
269   5.904986e-14  2.271882e-13  2.557199e-07
270   5.830427e-14  2.241987e-13  2.542293e-07
271   5.756368e-14  2.212588e-13  2.527518e-07
272   5.682793e-14  2.183675e-13  2.512873e-07
273   5.609733e-14  2.155237e-13  2.498357e-07
274   5.537174e-14  2.127263e-13  2.483966e-07
275   5.465128e-14  2.099745e-13  2.469701e-07
276   5.393612e-14  2.072672e-13  2.455558e-07
277   5.322623e-14  2.046036e-13  2.441536e-07
278   5.252161e-14  2.019826e-13  2.427634e-07
279   5.182238e-14  1.994035e-13  2.413849e-07
280   5.112863e-14  1.968652e-13  2.400180e-07
281   5.044029e-14  1.943670e-13  2.386626e-07
282   4.975747e-14  1.919080e-13  2.373185e-07
283   4.908025e-14  1.894874e-13  2.359855e-07
284   4.840857e-14  1.871043e-13  2.346634e-07
285   4.774252e-14  1.847580e-13  2.333522e-07
286   4.708210e-14  1.824477e-13  2.320516e-07
287   4.642747e-14  1.801726e-13  2.307616e-07
288   4.577856e-14  1.779321e-13  2.294820e-07
289   4.513537e-14  1.757252e-13  2.282126e-07
290   4.449806e-14  1.735515e-13  2.269533e-07
291   4.386662e-14  1.714101e-13  2.257040e-07
292   4.324099e-14  1.693003e-13  2.244645e-07
293   4.262122e-14  1.672216e-13  2.232347e-07
294   4.200739e-14  1.651732e-13  2.220145e-07
295   4.139942e-14  1.631545e-13  2.208038e-07
296   4.079738e-14  1.611648e-13  2.196023e-07
297   4.020119e-14  1.592036e-13  2.184101e-07
298   3.961099e-14  1.572703e-13  2.172270e-07
299   3.902676e-14  1.553642e-13  2.160528e-07
300   3.844849e-14  1.534847e-13  2.148874e-07
301   3.787625e-14  1.516314e-13  2.137308e-07
302   3.731009e-14  1.498039e-13  2.125828e-07
303   3.675000e-14  1.480016e-13  2.114434e-07
304   3.619602e-14  1.462243e-13  2.103124e-07
305   3.564821e-14  1.444715e-13  2.091899e-07
306   3.510648e-14  1.427430e-13  2.080756e-07
307   3.457096e-14  1.410383e-13  2.069695e-07
308   3.404161e-14  1.393570e-13  2.058715e-07
309   3.351842e-14  1.376989e-13  2.047816e-07
310   3.300130e-14  1.360636e-13  2.036996e-07
311   3.249043e-14  1.344507e-13  2.026255e-07
312   3.198565e-14  1.328600e-13  2.015592e-07
313   3.148708e-14  1.312911e-13  2.005006e-07
314   3.099468e-14  1.297436e-13  1.994497e-07
315   3.050837e-14  1.282173e-13  1.984063e-07
316   3.002826e-14  1.267118e-13  1.973704e-07
317   2.955431e-14  1.252269e-13  1.963420e-07
318   2.908657e-14  1.237622e-13  1.953209e-07
319   2.862494e-14  1.223175e-13  1.943071e-07
320   2.816939e-14  1.208925e-13  1.933004e-07
321   2.772010e-14  1.194868e-13  1.923010e-07
322   2.727684e-14  1.181003e-13  1.913085e-07
323   2.683976e-14  1.167326e-13  1.903231e-07
324   2.640873e-14  1.153834e-13  1.893446e-07
325   2.598383e-14  1.140525e-13  1.883730e-07
326   2.556497e-14  1.127397e-13  1.874082e-07
327   2.515219e-14  1.114446e-13  1.864501e-07
328   2.474545e-14  1.101671e-13  1.854986e-07
329   2.434473e-14  1.089068e-13  1.845538e-07
330   2.395005e-14  1.076636e-13  1.836155e-07
331   2.356133e-14  1.064371e-13  1.826837e-07
332   2.317859e-14  1.052272e-13  1.817584e-07
333   2.280175e-14  1.040337e-13  1.808393e-07
334   2.243083e-14  1.028562e-13  1.799266e-07
335   2.206587e-14  1.016946e-13  1.790201e-07
336   2.170676e-14  1.005487e-13  1.781199e-07
337   2.135350e-14  9.941814e-14  1.772257e-07
338   2.100604e-14  9.830284e-14  1.763376e-07
339   2.066441e-14  9.720254e-14  1.754555e-07
340   2.032857e-14  9.611703e-14  1.745794e-07
341   1.999846e-14  9.504612e-14  1.737092e-07
342   1.967403e-14  9.398960e-14  1.728449e-07
343   1.935525e-14  9.294728e-14  1.719863e-07
344   1.904206e-14  9.191896e-14  1.711335e-07
345   1.873441e-14  9.090444e-14  1.702864e-07
346   1.843227e-14  8.990355e-14  1.694449e-07
347   1.813558e-14  8.891609e-14  1.686090e-07
348   1.784430e-14  8.794189e-14  1.677787e-07
349   1.755846e-14  8.698075e-14  1.669538e-07
350   1.727797e-14  8.603251e-14  1.661344e-07
351   1.700287e-14  8.509699e-14  1.653204e-07
352   1.673313e-14  8.417397e-14  1.645118e-07
353   1.646866e-14  8.326325e-14  1.637085e-07
354   1.620944e-14  8.236461e-14  1.629104e-07
355   1.595550e-14  8.147785e-14  1.621176e-07
356   1.570672e-14  8.060278e-14  1.613300e-07
357   1.546306e-14  7.973919e-14  1.605476e-07
358   1.522450e-14  7.888688e-14  1.597703e-07
359   1.499097e-14  7.804568e-14  1.589981e-07
360   1.476239e-14  7.721538e-14  1.582309e-07
361   1.453875e-14  7.639581e-14  1.574688e-07
362   1.431997e-14  7.558679e-14  1.567116e-07
363   1.410608e-14  7.478812e-14  1.559594e-07
364   1.389692e-14  7.399965e-14  1.552121e-07
365   1.369255e-14  7.322119e-14  1.544697e-07
366   1.349286e-14  7.245258e-14  1.537322e-07
367   1.329783e-14  7.169365e-14  1.529994e-07
368   1.310740e-14  7.094423e-14  1.522714e-07
369   1.292150e-14  7.020416e-14  1.515482e-07
370   1.274016e-14  6.947329e-14  1.508297e-07
371   1.256321e-14  6.875145e-14  1.501158e-07
372   1.239070e-14  6.803850e-14  1.494066e-07
373   1.222250e-14  6.733428e-14  1.487021e-07
374   1.205861e-14  6.663864e-14  1.480021e-07
375   1.189892e-14  6.595144e-14  1.473066e-07
376   1.174341e-14  6.527253e-14  1.466157e-07
377   1.159207e-14  6.460178e-14  1.459292e-07
378   1.144474e-14  6.393903e-14  1.452472e-07
379   1.130147e-14  6.328416e-14  1.445697e-07
380   1.116220e-14  6.263702e-14  1.438965e-07
381   1.102682e-14  6.199750e-14  1.432277e-07
382   1.089532e-14  6.136544e-14  1.425632e-07
383   1.076765e-14  6.074074e-14  1.419030e-07
384   1.064371e-14  6.012325e-14  1.412471e-07
385   1.052345e-14  5.951286e-14  1.405955e-07
386   1.040687e-14  5.890945e-14  1.399481e-07
387   1.029389e-14  5.831289e-14  1.393048e-07
388   1.018441e-14  5.772306e-14  1.386658e-07
389   1.007839e-14  5.713985e-14  1.380308e-07
390   9.975811e-15  5.656314e-14  1.374000e-07
391   9.876608e-15  5.599282e-14  1.367732e-07
392   9.780656e-15  5.542878e-14  1.361505e-07
393   9.687990e-15  5.487091e-14  1.355318e-07
394   9.598485e-15  5.431910e-14  1.349172e-07
395   9.512097e-15  5.377325e-14  1.343064e-07
396   9.428782e-15  5.323325e-14  1.336997e-07
397   9.348457e-15  5.269899e-14  1.330968e-07
398   9.271121e-15  5.217038e-14  1.324979e-07
399   9.196693e-15  5.164732e-14  1.319028e-07
400   9.125132e-15  5.112971e-14  1.313115e-07
401   9.056400e-15  5.061746e-14  1.307241e-07
402   8.990417e-15  5.011052e-14  1.301405e-07
403   8.927147e-15  4.960883e-14  1.295606e-07
404   8.866551e-15  4.911235e-14  1.289844e-07
405   8.808515e-15  4.862102e-14  1.284119e-07
406   8.753006e-15  4.813482e-14  1.278431e-07
407   8.699987e-15  4.765368e-14  1.272779e-07
408   8.649387e-15  4.717756e-14  1.267163e-07
409   8.601097e-15  4.670642e-14  1.261583e-07
410   8.555161e-15  4.624022e-14  1.256038e-07
411   8.511397e-15  4.577890e-14  1.250529e-07
412   8.469850e-15  4.532242e-14  1.245054e-07
413   8.430452e-15  4.487075e-14  1.239614e-07
414   8.393139e-15  4.442384e-14  1.234208e-07
415   8.357807e-15  4.398165e-14  1.228836e-07
416   8.324503e-15  4.354413e-14  1.223498e-07
417   8.293091e-15  4.311124e-14  1.218193e-07
418   8.263581e-15  4.268295e-14  1.212921e-07
419   8.235876e-15  4.225921e-14  1.207683e-07
420   8.209987e-15  4.183999e-14  1.202477e-07
421   8.185817e-15  4.142524e-14  1.197303e-07
422   8.163310e-15  4.101493e-14  1.192162e-07
423   8.142477e-15  4.060901e-14  1.187052e-07
424   8.123225e-15  4.020746e-14  1.181974e-07
425   8.105500e-15  3.981022e-14  1.176928e-07
426   8.089279e-15  3.941727e-14  1.171912e-07
427   8.074441e-15  3.902857e-14  1.166928e-07
428   8.061033e-15  3.864408e-14  1.161974e-07
429   8.048902e-15  3.826376e-14  1.157050e-07
430   8.038030e-15  3.788758e-14  1.152157e-07
431   8.028399e-15  3.751551e-14  1.147294e-07
432   8.019926e-15  3.714751e-14  1.142460e-07
433   8.012630e-15  3.678354e-14  1.137656e-07
434   8.006394e-15  3.642358e-14  1.132881e-07
435   8.001237e-15  3.606758e-14  1.128135e-07
436   7.997112e-15  3.571552e-14  1.123418e-07
437   7.993972e-15  3.536736e-14  1.118730e-07
438   7.991772e-15  3.502307e-14  1.114070e-07
439   7.990498e-15  3.468261e-14  1.109438e-07
440   7.990075e-15  3.434596e-14  1.104834e-07
441   7.990457e-15  3.401308e-14  1.100258e-07
442   7.991571e-15  3.368395e-14  1.095709e-07
443   7.993407e-15  3.335852e-14  1.091187e-07
444   7.995891e-15  3.303678e-14  1.086693e-07
445   7.998983e-15  3.271869e-14  1.082226e-07
446   8.002644e-15  3.240421e-14  1.077785e-07
447   8.006834e-15  3.209333e-14  1.073371e-07
448   8.011578e-15  3.178601e-14  1.068983e-07
449   8.016807e-15  3.148223e-14  1.064621e-07
450   8.022483e-15  3.118194e-14  1.060285e-07
451   8.028599e-15  3.088513e-14  1.055975e-07
452   8.035151e-15  3.059175e-14  1.051690e-07
453   8.042040e-15  3.030174e-14  1.047431e-07
454   8.049261e-15  3.001507e-14  1.043196e-07
455   8.056750e-15  2.973168e-14  1.038987e-07
456   8.064473e-15  2.945153e-14  1.034802e-07
457   8.072395e-15  2.917458e-14  1.030642e-07
458   8.080454e-15  2.890077e-14  1.026506e-07
459   8.088590e-15  2.863007e-14  1.022394e-07
460   8.096858e-15  2.836243e-14  1.018306e-07
461   8.105141e-15  2.809781e-14  1.014242e-07
462   8.113524e-15  2.783617e-14  1.010201e-07
463   8.121891e-15  2.757745e-14  1.006183e-07
464   8.130327e-15  2.732164e-14  1.002189e-07
465   8.138716e-15  2.706867e-14  9.982174e-08
466   8.147115e-15  2.681851e-14  9.942687e-08
467   8.155467e-15  2.657113e-14  9.903426e-08
468   8.163715e-15  2.632648e-14  9.864388e-08
469   8.171860e-15  2.608452e-14  9.825572e-08
470   8.179846e-15  2.584522e-14  9.786977e-08
471   8.187618e-15  2.560854e-14  9.748600e-08
472   8.195179e-15  2.537444e-14  9.710440e-08
473   8.202475e-15  2.514288e-14  9.672495e-08
474   8.209509e-15  2.491384e-14  9.634764e-08
475   8.216256e-15  2.468726e-14  9.597244e-08
476   8.222719e-15  2.446312e-14  9.559934e-08
477   8.228848e-15  2.424138e-14  9.522833e-08
478   8.234673e-15  2.402202e-14  9.485939e-08
479   8.240197e-15  2.380498e-14  9.449250e-08
480   8.245343e-15  2.359025e-14  9.412764e-08
481   8.250170e-15  2.337778e-14  9.376481e-08
482   8.254573e-15  2.316755e-14  9.340397e-08
483   8.258583e-15  2.295952e-14  9.304513e-08
484   8.262153e-15  2.275367e-14  9.268826e-08
485   8.265234e-15  2.254995e-14  9.233335e-08
486   8.267858e-15  2.234834e-14  9.198039e-08
487   8.269979e-15  2.214881e-14  9.162935e-08
488   8.271575e-15  2.195133e-14  9.128023e-08
489   8.272680e-15  2.175587e-14  9.093300e-08
490   8.273247e-15  2.156240e-14  9.058766e-08
491   8.273282e-15  2.137088e-14  9.024419e-08
492   8.272792e-15  2.118130e-14  8.990258e-08
493   8.271783e-15  2.099362e-14  8.956281e-08
494   8.270236e-15  2.080782e-14  8.922486e-08
495   8.268131e-15  2.062386e-14  8.888874e-08
496   8.265476e-15  2.044173e-14  8.855441e-08
497   8.262225e-15  2.026138e-14  8.822187e-08
498   8.258387e-15  2.008281e-14  8.789110e-08
499   8.253943e-15  1.990598e-14  8.756210e-08
500   8.248875e-15  1.973086e-14  8.723484e-08
